 open_time open high low close volume funding_rate
0 2021-11-10 4689.9 4871.95 4470.7 4635.1 236624000.0 
1 2021-11-11 4635.1 4780.65 4581.3 4723.45 368023000.0 0.0001
2 2021-11-12 4723.45 4810.8 4512.2 4668.95 441056000.0 0.0001
3 2021-11-13 4668.95 4709.45 4584.6 4646.0 552312000.0 0.00014
4 2021-11-14 4646.0 4698.35 4518.15 4629.15 588415000.0 0.0001
5 2021-11-15 4629.15 4770.0 4543.0 4564.8 559893000.0 0.0001
6 2021-11-16 4564.8 4563.1 4094.35 4208.95 1036098000.0 0.0001
7 2021-11-17 4208.95 4298.35 4059.65 4287.95 951182000.0 0.0001
8 2021-11-18 4287.95 4342.25 3959.0 3995.15 1086914000.0 0.0001
9 2021-11-19 3995.15 4305.55 3976.25 4295.05 327609000.0 0.0001
10 2021-11-20 4295.05 4433.1 4202.1 4409.1 216223000.0 0.0001
11 2021-11-21 4409.1 4421.55 4246.1 4257.7 198620000.0 0.0001
12 2021-11-22 4257.7 4317.8 4026.7 4089.6 303375000.0 0.0001
13 2021-11-23 4089.6 4385.1 4061.45 4338.85 213538000.0 0.0001
14 2021-11-24 4338.85 4374.9 4172.2 4272.95 301915000.0 0.0001
15 2021-11-25 4272.95 4554.3 4252.0 4520.35 458625000.0 0.0001
16 2021-11-26 4520.35 4543.35 3910.8 4035.5 266511000.0 0.0001
17 2021-11-27 4035.5 4180.5 4030.2 4095.9 126390000.0 0.0001
18 2021-11-28 4095.9 4297.35 3969.25 4291.75 149860000.0 0.0001
19 2021-11-29 4291.75 4457.65 4280.85 4440.4 135343000.0 0.0001
20 2021-11-30 4440.4 4750.1 4349.1 4623.9 527586000.0 0.0001
21 2021-12-01 4623.9 4777.95 4526.3 4583.55 314095000.0 0.0001
22 2021-12-02 4583.55 4634.2 4434.55 4513.25 254820000.0 0.0001
23 2021-12-03 4513.25 4658.0 4028.25 4215.5 394495000.0 0.0001
24 2021-12-04 4215.5 4233.35 3448.5 4118.0 438427000.0 0.0001
25 2021-12-05 4118.0 4243.95 4030.3 4195.55 136719000.0 0.0001
26 2021-12-06 4195.55 4373.9 3924.25 4347.5 198796000.0 0.0001
27 2021-12-07 4347.5 4446.25 4259.3 4306.95 468730000.0 0.0001
28 2021-12-08 4306.95 4449.0 4204.8 4434.3 343270000.0 0.0001
29 2021-12-09 4434.3 4492.2 4075.9 4103.0 281715000.0 0.0001
30 2021-12-10 4103.0 4230.45 3889.9 3893.6 185277000.0 0.0001
31 2021-12-11 3893.6 4113.6 3830.95 4087.3 309284000.0 0.0001
32 2021-12-12 4087.3 4167.45 3986.95 4130.2 121154000.0 0.0001
33 2021-12-13 4130.2 4141.05 3668.8 3779.75 206259000.0 0.0001
34 2021-12-14 3779.75 3877.35 3684.55 3857.15 129311000.0 0.0001
35 2021-12-15 3857.15 4089.85 3641.5 4019.2 332103000.0 0.0001
36 2021-12-16 4019.2 4110.65 3956.0 3956.4 137282000.0 0.0001
37 2021-12-17 3956.4 3992.65 3700.95 3885.5 101453000.0 0.0001
38 2021-12-18 3885.5 3993.8 3767.2 3962.0 101849000.0 0.0001
39 2021-12-19 3962.0 4034.9 3885.0 3924.3 138473000.0 0.0001
40 2021-12-20 3924.3 3976.5 3757.6 3938.35 194944000.0 0.0001
41 2021-12-21 3938.35 4061.0 3914.45 4018.4 156636000.0 
42 2021-12-22 4018.4 4074.2 3931.4 3978.75 208887000.0 
43 2021-12-23 3978.75 4156.05 3892.0 4109.6 350091000.0 
44 2021-12-24 4109.6 4134.05 4017.15 4038.75 855522000.0 
45 2021-12-25 4038.75 4140.0 4012.0 4095.45 1239937000.0 
46 2021-12-26 4095.45 4104.9 4001.7 4058.85 905400000.0 
47 2021-12-27 4058.85 4126.5 4027.5 4034.95 1067817000.0 
48 2021-12-28 4034.95 4029.4 3760.6 3792.6 431143000.0 
49 2021-12-29 3792.6 3827.3 3588.0 3626.6 497341000.0 
50 2021-12-30 3626.6 3765.5 3582.85 3706.9 265075000.0 
51 2021-12-31 3706.9 3814.45 3621.3 3675.6 590437000.0 
52 2022-01-01 3675.6 3775.7 3673.6 3765.9 573705000.0 
53 2022-01-02 3765.9 3860.7 3714.55 3828.05 674461000.0 
54 2022-01-03 3828.05 3849.25 3679.65 3758.35 687595000.0 
55 2022-01-04 3758.35 3895.15 3714.35 3787.05 558844000.0 
56 2022-01-05 3787.05 3847.05 3404.5 3537.7 682745000.0 
57 2022-01-06 3537.7 3543.7 3296.55 3404.8 197921000.0 
58 2022-01-07 3404.8 3413.0 3062.9 3195.15 344353000.0 
59 2022-01-08 3195.15 3247.3 3000.0 3077.95 306670000.0 
60 2022-01-09 3077.95 3208.35 3061.65 3147.75 333954000.0 
61 2022-01-10 3147.75 3179.7 2926.9 3083.1 534724000.0 
62 2022-01-11 3083.1 3260.35 3052.05 3236.1 294250000.0 
63 2022-01-12 3236.1 3409.25 3203.3 3368.75 472531000.0 
64 2022-01-13 3368.75 3408.4 3233.8 3240.3 449641000.0 
65 2022-01-14 3240.3 3342.1 3185.3 3308.85 478615000.0 
66 2022-01-15 3308.85 3374.25 3260.55 3325.8 539864000.0 
67 2022-01-16 3325.8 3392.4 3270.05 3343.6 802631000.0 
68 2022-01-17 3343.6 3355.25 3141.1 3211.15 661691000.0 
69 2022-01-18 3211.15 3244.9 3082.8 3162.2 597445000.0 
70 2022-01-19 3162.2 3173.95 3046.0 3085.6 654377000.0 
71 2022-01-20 3085.6 3270.3 2985.45 3001.7 528683000.0 
72 2022-01-21 3001.7 3030.1 2462.55 2570.7 409027000.0 
73 2022-01-22 2570.7 2617.3 2308.7 2412.35 333884000.0 
74 2022-01-23 2412.35 2549.7 2373.4 2540.8 307291000.0 
75 2022-01-24 2540.8 2539.0 2155.6 2441.35 427338000.0 
76 2022-01-25 2441.35 2501.75 2351.2 2458.9 213143000.0 
77 2022-01-26 2458.9 2718.25 2403.55 2463.0 406388000.0 
78 2022-01-27 2463.0 2522.3 2314.6 2423.15 352896000.0 
79 2022-01-28 2423.15 2559.65 2359.0 2549.35 426029000.0 
80 2022-01-29 2549.35 2639.3 2523.6 2599.0 398360000.0 
81 2022-01-30 2599.0 2639.55 2543.5 2604.9 494135000.0 
82 2022-01-31 2604.9 2709.85 2477.55 2686.8 412754000.0 
83 2022-02-01 2686.8 2812.9 2674.0 2788.7 480573000.0 
84 2022-02-02 2788.7 2810.1 2610.0 2678.1 583394000.0 
85 2022-02-03 2678.1 2723.65 2577.0 2690.6 513367000.0 
86 2022-02-04 2690.6 2995.55 2671.65 2995.1 653407000.0 
87 2022-02-05 2995.1 3060.5 2959.95 3014.65 396474000.0 
88 2022-02-06 3014.65 3074.65 2950.65 3059.15 640202000.0 
89 2022-02-07 3059.15 3187.15 2992.15 3140.4 635126000.0 
90 2022-02-08 3140.4 3233.4 3026.35 3113.5 719766000.0 
91 2022-02-09 3113.5 3271.7 3056.4 3236.05 592154000.0 
92 2022-02-10 3236.05 3285.95 3053.85 3070.05 994539000.0 
93 2022-02-11 3070.05 3141.7 2879.25 2929.05 501434000.0 
94 2022-02-12 2929.05 2983.7 2857.0 2917.45 1497403000.0 
95 2022-02-13 2917.45 2953.65 2835.4 2869.5 2003536000.0 
96 2022-02-14 2869.5 2962.1 2829.0 2931.4 377861000.0 
97 2022-02-15 2931.4 3193.4 2911.3 3179.5 485961000.0 
98 2022-02-16 3179.5 3185.7 3042.4 3118.9 832568000.0 
99 2022-02-17 3118.9 3157.2 2850.25 2892.55 565902000.0 
100 2022-02-18 2892.55 2940.5 2750.55 2780.0 361525000.0 
101 2022-02-19 2780.0 2827.0 2690.9 2763.3 443515000.0 
102 2022-02-20 2763.3 2761.6 2567.75 2621.3 799651000.0 
103 2022-02-21 2621.3 2755.85 2556.05 2566.7 825016000.0 
104 2022-02-22 2566.7 2677.75 2497.65 2633.7 449324000.0 
105 2022-02-23 2633.7 2750.0 2574.3 2580.0 578684000.0 
106 2022-02-24 2580.0 2754.7 2300.0 2596.3 883480000.0 
107 2022-02-25 2596.3 2832.0 2571.35 2763.5 495874000.0 
108 2022-02-26 2763.5 2873.7 2724.25 2778.1 493620000.0 
109 2022-02-27 2778.1 2836.5 2560.0 2617.9 603174000.0 
110 2022-02-28 2617.9 2955.75 2570.8 2921.15 713119000.0 
111 2022-03-01 2921.15 3034.4 2850.55 2977.7 504088000.0 
112 2022-03-02 2977.7 3045.0 2912.5 2948.05 663343000.0 
113 2022-03-03 2948.05 2965.85 2787.0 2833.8 474364000.0 
114 2022-03-04 2833.8 2834.1 2574.0 2619.75 426164000.0 
115 2022-03-05 2619.75 2685.0 2589.9 2663.9 246303000.0 
116 2022-03-06 2663.9 2673.3 2531.5 2548.3 527278000.0 
117 2022-03-07 2548.3 2647.5 2442.2 2494.1 508744000.0 
118 2022-03-08 2494.1 2621.4 2480.0 2573.5 448888000.0 
119 2022-03-09 2573.5 2772.95 2566.8 2726.35 571686000.0 
120 2022-03-10      
